2020/09/10-11:33:44.795279 10a939dc0 RocksDB version: 6.12.0
2020/09/10-11:33:44.795333 10a939dc0 Git sha rocksdb_build_git_sha:b878a36b5f6f64cba32f104d5a9934054ba8855d
2020/09/10-11:33:44.795336 10a939dc0 Compile date Sep 10 2020
2020/09/10-11:33:44.795388 10a939dc0 DB SUMMARY
2020/09/10-11:33:44.795394 10a939dc0 DB Session ID:  163375fd9ea4060b-5910d52075c3dde2
2020/09/10-11:33:44.795443 10a939dc0 SST files in ./db_working_home dir, Total Num: 0, files: 
2020/09/10-11:33:44.795447 10a939dc0 Write Ahead Log file in ./db_working_home: 
2020/09/10-11:33:44.795449 10a939dc0                         Options.error_if_exists: 0
2020/09/10-11:33:44.795456 10a939dc0                       Options.create_if_missing: 1
2020/09/10-11:33:44.795457 10a939dc0                         Options.paranoid_checks: 1
2020/09/10-11:33:44.795459 10a939dc0                                     Options.env: 0x10356ef58
2020/09/10-11:33:44.795461 10a939dc0                                      Options.fs: Posix File System
2020/09/10-11:33:44.795463 10a939dc0                                Options.info_log: 0x7fc0c3004470
2020/09/10-11:33:44.795465 10a939dc0                Options.max_file_opening_threads: 16
2020/09/10-11:33:44.795467 10a939dc0                              Options.statistics: 0x7fc0c1d133b8
2020/09/10-11:33:44.795468 10a939dc0                               Options.use_fsync: 0
2020/09/10-11:33:44.795470 10a939dc0                       Options.max_log_file_size: 0
2020/09/10-11:33:44.795472 10a939dc0                  Options.max_manifest_file_size: 1073741824
2020/09/10-11:33:44.795473 10a939dc0                   Options.log_file_time_to_roll: 0
2020/09/10-11:33:44.795475 10a939dc0                       Options.keep_log_file_num: 1000
2020/09/10-11:33:44.795477 10a939dc0                    Options.recycle_log_file_num: 0
2020/09/10-11:33:44.795479 10a939dc0                         Options.allow_fallocate: 1
2020/09/10-11:33:44.795480 10a939dc0                        Options.allow_mmap_reads: 0
2020/09/10-11:33:44.795482 10a939dc0                       Options.allow_mmap_writes: 0
2020/09/10-11:33:44.795484 10a939dc0                        Options.use_direct_reads: 1
2020/09/10-11:33:44.795485 10a939dc0                        Options.use_direct_io_for_flush_and_compaction: 0
2020/09/10-11:33:44.795487 10a939dc0          Options.create_missing_column_families: 0
2020/09/10-11:33:44.795489 10a939dc0                              Options.db_log_dir: 
2020/09/10-11:33:44.795490 10a939dc0                                 Options.wal_dir: ./db_working_home
2020/09/10-11:33:44.795492 10a939dc0                Options.table_cache_numshardbits: 6
2020/09/10-11:33:44.795494 10a939dc0                         Options.WAL_ttl_seconds: 0
2020/09/10-11:33:44.795495 10a939dc0                       Options.WAL_size_limit_MB: 0
2020/09/10-11:33:44.795497 10a939dc0                        Options.max_write_batch_group_size_bytes: 1048576
2020/09/10-11:33:44.795499 10a939dc0             Options.manifest_preallocation_size: 4194304
2020/09/10-11:33:44.795501 10a939dc0                     Options.is_fd_close_on_exec: 1
2020/09/10-11:33:44.795502 10a939dc0                   Options.advise_random_on_open: 1
2020/09/10-11:33:44.795504 10a939dc0                    Options.db_write_buffer_size: 0
2020/09/10-11:33:44.795506 10a939dc0                    Options.write_buffer_manager: 0x7fc0c30040c0
2020/09/10-11:33:44.795508 10a939dc0         Options.access_hint_on_compaction_start: 1
2020/09/10-11:33:44.795509 10a939dc0  Options.new_table_reader_for_compaction_inputs: 1
2020/09/10-11:33:44.795511 10a939dc0           Options.random_access_max_buffer_size: 1048576
2020/09/10-11:33:44.795513 10a939dc0                      Options.use_adaptive_mutex: 0
2020/09/10-11:33:44.795514 10a939dc0                            Options.rate_limiter: 0x0
2020/09/10-11:33:44.795516 10a939dc0     Options.sst_file_manager.rate_bytes_per_sec: 0
2020/09/10-11:33:44.795518 10a939dc0                       Options.wal_recovery_mode: 2
2020/09/10-11:33:44.795520 10a939dc0                  Options.enable_thread_tracking: 0
2020/09/10-11:33:44.795521 10a939dc0                  Options.enable_pipelined_write: 0
2020/09/10-11:33:44.795558 10a939dc0                  Options.unordered_write: 0
2020/09/10-11:33:44.795560 10a939dc0         Options.allow_concurrent_memtable_write: 0
2020/09/10-11:33:44.795562 10a939dc0      Options.enable_write_thread_adaptive_yield: 1
2020/09/10-11:33:44.795564 10a939dc0             Options.write_thread_max_yield_usec: 100
2020/09/10-11:33:44.795565 10a939dc0            Options.write_thread_slow_yield_usec: 3
2020/09/10-11:33:44.795567 10a939dc0                               Options.row_cache: None
2020/09/10-11:33:44.795569 10a939dc0                              Options.wal_filter: None
2020/09/10-11:33:44.795573 10a939dc0             Options.avoid_flush_during_recovery: 0
2020/09/10-11:33:44.795574 10a939dc0             Options.allow_ingest_behind: 0
2020/09/10-11:33:44.795576 10a939dc0             Options.preserve_deletes: 0
2020/09/10-11:33:44.795578 10a939dc0             Options.two_write_queues: 0
2020/09/10-11:33:44.795579 10a939dc0             Options.manual_wal_flush: 0
2020/09/10-11:33:44.795581 10a939dc0             Options.atomic_flush: 0
2020/09/10-11:33:44.795583 10a939dc0             Options.avoid_unnecessary_blocking_io: 0
2020/09/10-11:33:44.795584 10a939dc0                 Options.persist_stats_to_disk: 0
2020/09/10-11:33:44.795586 10a939dc0                 Options.write_dbid_to_manifest: 0
2020/09/10-11:33:44.795588 10a939dc0                 Options.log_readahead_size: 0
2020/09/10-11:33:44.795590 10a939dc0                 Options.file_checksum_gen_factory: Unknown
2020/09/10-11:33:44.795591 10a939dc0                 Options.best_efforts_recovery: 0
2020/09/10-11:33:44.795593 10a939dc0                Options.max_bgerror_resume_count: 2147483647
2020/09/10-11:33:44.795595 10a939dc0            Options.bgerror_resume_retry_interval: 1000000
2020/09/10-11:33:44.795597 10a939dc0             Options.max_background_jobs: 1
2020/09/10-11:33:44.795598 10a939dc0             Options.max_background_compactions: -1
2020/09/10-11:33:44.795600 10a939dc0             Options.max_subcompactions: 1
2020/09/10-11:33:44.795602 10a939dc0             Options.avoid_flush_during_shutdown: 0
2020/09/10-11:33:44.795604 10a939dc0           Options.writable_file_max_buffer_size: 1048576
2020/09/10-11:33:44.795605 10a939dc0             Options.delayed_write_rate : 16777216
2020/09/10-11:33:44.795607 10a939dc0             Options.max_total_wal_size: 0
2020/09/10-11:33:44.795609 10a939dc0             Options.delete_obsolete_files_period_micros: 21600000000
2020/09/10-11:33:44.795611 10a939dc0                   Options.stats_dump_period_sec: 600
2020/09/10-11:33:44.795612 10a939dc0                 Options.stats_persist_period_sec: 600
2020/09/10-11:33:44.795614 10a939dc0                 Options.stats_history_buffer_size: 1048576
2020/09/10-11:33:44.795616 10a939dc0                          Options.max_open_files: -1
2020/09/10-11:33:44.795618 10a939dc0                          Options.bytes_per_sync: 0
2020/09/10-11:33:44.795619 10a939dc0                      Options.wal_bytes_per_sync: 0
2020/09/10-11:33:44.795621 10a939dc0                   Options.strict_bytes_per_sync: 0
2020/09/10-11:33:44.795623 10a939dc0       Options.compaction_readahead_size: 2097152
2020/09/10-11:33:44.795625 10a939dc0                  Options.max_background_flushes: -1
2020/09/10-11:33:44.795626 10a939dc0 Compression algorithms supported:
2020/09/10-11:33:44.795634 10a939dc0 	kZSTD supported: 1
2020/09/10-11:33:44.795636 10a939dc0 	kZlibCompression supported: 1
2020/09/10-11:33:44.795638 10a939dc0 	kXpressCompression supported: 0
2020/09/10-11:33:44.795640 10a939dc0 	kSnappyCompression supported: 0
2020/09/10-11:33:44.795641 10a939dc0 	kZSTDNotFinalCompression supported: 1
2020/09/10-11:33:44.795643 10a939dc0 	kLZ4HCCompression supported: 1
2020/09/10-11:33:44.795645 10a939dc0 	kLZ4Compression supported: 1
2020/09/10-11:33:44.795646 10a939dc0 	kBZip2Compression supported: 1
2020/09/10-11:33:44.795649 10a939dc0 Fast CRC32 supported: Supported on x86
2020/09/10-11:33:44.796181 10a939dc0 [/db_impl/db_impl_open.cc:271] Creating manifest 1 
2020/09/10-11:33:44.797009 10a939dc0 [/version_set.cc:4928] Recovering from manifest file: ./db_working_home/MANIFEST-000001
2020/09/10-11:33:44.797086 10a939dc0 [WARN] [/column_family.cc:289] This condition must be satisfied: level0_stop_writes_trigger(2) >= level0_slowdown_writes_trigger(20) >= level0_file_num_compaction_trigger(1)
2020/09/10-11:33:44.797091 10a939dc0 [WARN] [/column_family.cc:306] Adjust the value to level0_stop_writes_trigger(20)level0_slowdown_writes_trigger(20)level0_file_num_compaction_trigger(1)
2020/09/10-11:33:44.797117 10a939dc0 [/column_family.cc:580] --------------- Options for column family [default]:
2020/09/10-11:33:44.797120 10a939dc0               Options.comparator: leveldb.BytewiseComparator
2020/09/10-11:33:44.797122 10a939dc0           Options.merge_operator: None
2020/09/10-11:33:44.797123 10a939dc0        Options.compaction_filter: None
2020/09/10-11:33:44.797125 10a939dc0        Options.compaction_filter_factory: None
2020/09/10-11:33:44.797126 10a939dc0  Options.sst_partitioner_factory: None
2020/09/10-11:33:44.797128 10a939dc0         Options.memtable_factory: VectorRepFactory
2020/09/10-11:33:44.797129 10a939dc0            Options.table_factory: BlockBasedTable
2020/09/10-11:33:44.797154 10a939dc0            table_factory options:   flush_block_policy_factory: FlushBlockBySizePolicyFactory (0x7fc0c1d12850)
  cache_index_and_filter_blocks: 0
  cache_index_and_filter_blocks_with_high_priority: 1
  pin_l0_filter_and_index_blocks_in_cache: 0
  pin_top_level_index_and_filter: 0
  index_type: 0
  data_block_index_type: 0
  index_shortening: 0
  data_block_hash_table_util_ratio: 0.750000
  hash_index_allow_collision: 1
  checksum: 1
  no_block_cache: 0
  block_cache: 0x7fc0c1d134c8
  block_cache_name: LRUCache
  block_cache_options:
    capacity : 8388608
    num_shard_bits : 4
    strict_capacity_limit : 0
    memory_allocator : None
    high_pri_pool_ratio: 0.000
  block_cache_compressed: 0x0
  persistent_cache: 0x0
  block_size: 4096
  block_size_deviation: 0
  block_restart_interval: 16
  index_block_restart_interval: 1
  metadata_block_size: 4096
  partition_filters: 0
  use_delta_encoding: 1
  filter_policy: rocksdb.BuiltinBloomFilter
  whole_key_filtering: 1
  verify_compression: 0
  read_amp_bytes_per_bit: 4
  format_version: 4
  enable_index_compression: 0
  block_align: 0
2020/09/10-11:33:44.797158 10a939dc0        Options.write_buffer_size: 1048576
2020/09/10-11:33:44.797160 10a939dc0  Options.max_write_buffer_number: 2
2020/09/10-11:33:44.797164 10a939dc0          Options.compression: NoCompression
2020/09/10-11:33:44.797165 10a939dc0                  Options.bottommost_compression: Disabled
2020/09/10-11:33:44.797167 10a939dc0       Options.prefix_extractor: nullptr
2020/09/10-11:33:44.797168 10a939dc0   Options.memtable_insert_with_hint_prefix_extractor: nullptr
2020/09/10-11:33:44.797170 10a939dc0             Options.num_levels: 10
2020/09/10-11:33:44.797172 10a939dc0        Options.min_write_buffer_number_to_merge: 1
2020/09/10-11:33:44.797173 10a939dc0     Options.max_write_buffer_number_to_maintain: 0
2020/09/10-11:33:44.797175 10a939dc0     Options.max_write_buffer_size_to_maintain: 0
2020/09/10-11:33:44.797177 10a939dc0            Options.bottommost_compression_opts.window_bits: -14
2020/09/10-11:33:44.797178 10a939dc0                  Options.bottommost_compression_opts.level: 32767
2020/09/10-11:33:44.797180 10a939dc0               Options.bottommost_compression_opts.strategy: 0
2020/09/10-11:33:44.797181 10a939dc0         Options.bottommost_compression_opts.max_dict_bytes: 0
2020/09/10-11:33:44.797183 10a939dc0         Options.bottommost_compression_opts.zstd_max_train_bytes: 0
2020/09/10-11:33:44.797184 10a939dc0         Options.bottommost_compression_opts.parallel_threads: 1
2020/09/10-11:33:44.797186 10a939dc0                  Options.bottommost_compression_opts.enabled: false
2020/09/10-11:33:44.797187 10a939dc0            Options.compression_opts.window_bits: -14
2020/09/10-11:33:44.797187 10a939dc0                  Options.compression_opts.level: 32767
2020/09/10-11:33:44.797215 10a939dc0               Options.compression_opts.strategy: 0
2020/09/10-11:33:44.797216 10a939dc0         Options.compression_opts.max_dict_bytes: 0
2020/09/10-11:33:44.797217 10a939dc0         Options.compression_opts.zstd_max_train_bytes: 0
2020/09/10-11:33:44.797218 10a939dc0         Options.compression_opts.parallel_threads: 1
2020/09/10-11:33:44.797219 10a939dc0                  Options.compression_opts.enabled: false
2020/09/10-11:33:44.797220 10a939dc0      Options.level0_file_num_compaction_trigger: 1
2020/09/10-11:33:44.797220 10a939dc0          Options.level0_slowdown_writes_trigger: 20
2020/09/10-11:33:44.797221 10a939dc0              Options.level0_stop_writes_trigger: 20
2020/09/10-11:33:44.797222 10a939dc0                   Options.target_file_size_base: 1048576
2020/09/10-11:33:44.797223 10a939dc0             Options.target_file_size_multiplier: 1
2020/09/10-11:33:44.797224 10a939dc0                Options.max_bytes_for_level_base: 2097152
2020/09/10-11:33:44.797225 10a939dc0 Options.level_compaction_dynamic_level_bytes: 0
2020/09/10-11:33:44.797226 10a939dc0          Options.max_bytes_for_level_multiplier: 2.000000
2020/09/10-11:33:44.797227 10a939dc0 Options.max_bytes_for_level_multiplier_addtl[0]: 1
2020/09/10-11:33:44.797228 10a939dc0 Options.max_bytes_for_level_multiplier_addtl[1]: 1
2020/09/10-11:33:44.797229 10a939dc0 Options.max_bytes_for_level_multiplier_addtl[2]: 1
2020/09/10-11:33:44.797230 10a939dc0 Options.max_bytes_for_level_multiplier_addtl[3]: 1
2020/09/10-11:33:44.797231 10a939dc0 Options.max_bytes_for_level_multiplier_addtl[4]: 1
2020/09/10-11:33:44.797232 10a939dc0 Options.max_bytes_for_level_multiplier_addtl[5]: 1
2020/09/10-11:33:44.797233 10a939dc0 Options.max_bytes_for_level_multiplier_addtl[6]: 1
2020/09/10-11:33:44.797233 10a939dc0       Options.max_sequential_skip_in_iterations: 8
2020/09/10-11:33:44.797234 10a939dc0                    Options.max_compaction_bytes: 26214400
2020/09/10-11:33:44.797235 10a939dc0                        Options.arena_block_size: 131072
2020/09/10-11:33:44.797236 10a939dc0   Options.soft_pending_compaction_bytes_limit: 0
2020/09/10-11:33:44.797237 10a939dc0   Options.hard_pending_compaction_bytes_limit: 0
2020/09/10-11:33:44.797238 10a939dc0       Options.rate_limit_delay_max_milliseconds: 100
2020/09/10-11:33:44.797239 10a939dc0                Options.disable_auto_compactions: 0
2020/09/10-11:33:44.797240 10a939dc0                        Options.compaction_style: kCompactionStyleLevel
2020/09/10-11:33:44.797242 10a939dc0                          Options.compaction_pri: kMinOverlappingRatio
2020/09/10-11:33:44.797242 10a939dc0 Options.compaction_options_universal.size_ratio: 1
2020/09/10-11:33:44.797243 10a939dc0 Options.compaction_options_universal.min_merge_width: 2
2020/09/10-11:33:44.797244 10a939dc0 Options.compaction_options_universal.max_merge_width: 4294967295
2020/09/10-11:33:44.797245 10a939dc0 Options.compaction_options_universal.max_size_amplification_percent: 200
2020/09/10-11:33:44.797246 10a939dc0 Options.compaction_options_universal.compression_size_percent: -1
2020/09/10-11:33:44.797248 10a939dc0 Options.compaction_options_universal.stop_style: kCompactionStopStyleTotalSize
2020/09/10-11:33:44.797248 10a939dc0 Options.compaction_options_fifo.max_table_files_size: 1073741824
2020/09/10-11:33:44.797249 10a939dc0 Options.compaction_options_fifo.allow_compaction: 0
2020/09/10-11:33:44.797251 10a939dc0                   Options.table_properties_collectors: 
2020/09/10-11:33:44.797252 10a939dc0                   Options.inplace_update_support: 0
2020/09/10-11:33:44.797253 10a939dc0                 Options.inplace_update_num_locks: 10000
2020/09/10-11:33:44.797254 10a939dc0               Options.memtable_prefix_bloom_size_ratio: 0.000000
2020/09/10-11:33:44.797255 10a939dc0               Options.memtable_whole_key_filtering: 0
2020/09/10-11:33:44.797256 10a939dc0   Options.memtable_huge_page_size: 0
2020/09/10-11:33:44.797257 10a939dc0                           Options.bloom_locality: 0
2020/09/10-11:33:44.797274 10a939dc0                    Options.max_successive_merges: 0
2020/09/10-11:33:44.797276 10a939dc0                Options.optimize_filters_for_hits: 0
2020/09/10-11:33:44.797276 10a939dc0                Options.paranoid_file_checks: 0
2020/09/10-11:33:44.797277 10a939dc0                Options.force_consistency_checks: 0
2020/09/10-11:33:44.797278 10a939dc0                Options.report_bg_io_stats: 1
2020/09/10-11:33:44.797279 10a939dc0                               Options.ttl: 2592000
2020/09/10-11:33:44.797280 10a939dc0          Options.periodic_compaction_seconds: 0
2020/09/10-11:33:44.798481 10a939dc0 [/version_set.cc:5086] Recovered from manifest file:./db_working_home/MANIFEST-000001 succeeded,manifest_file_number is 1, next_file_number is 3, last_sequence is 0, log_number is 0,prev_log_number is 0,max_column_family is 0,min_log_number_to_keep is 0
2020/09/10-11:33:44.798487 10a939dc0 [/version_set.cc:5095] Column family [default] (ID 0), log number is 0
2020/09/10-11:33:44.800284 10a939dc0 [/db_impl/db_impl_open.cc:1641] SstFileManager instance 0x7fc0c3004630
2020/09/10-11:33:44.800333 10a939dc0 DB pointer 0x7fc0c380d000
2020/09/10-11:33:44.800574 7000003c0000 [/db_impl/db_impl.cc:891] ------- DUMPING STATS -------
2020/09/10-11:33:44.800581 7000003c0000 [/db_impl/db_impl.cc:892] 
** DB Stats **
Uptime(secs): 0.0 total, 0.0 interval
Cumulative writes: 0 writes, 0 keys, 0 commit groups, 0.0 writes per commit group, ingest: 0.00 GB, 0.00 MB/s
Cumulative WAL: 0 writes, 0 syncs, 0.00 writes per sync, written: 0.00 GB, 0.00 MB/s
Cumulative stall: 00:00:0.000 H:M:S, 0.0 percent
Interval writes: 0 writes, 0 keys, 0 commit groups, 0.0 writes per commit group, ingest: 0.00 MB, 0.00 MB/s
Interval WAL: 0 writes, 0 syncs, 0.00 writes per sync, written: 0.00 MB, 0.00 MB/s
Interval stall: 00:00:0.000 H:M:S, 0.0 percent

** Compaction Stats [default] **
Level    Files   Size     Score Read(GB)  Rn(GB) Rnp1(GB) Write(GB) Wnew(GB) Moved(GB) W-Amp Rd(MB/s) Wr(MB/s) Comp(sec) CompMergeCPU(sec) Comp(cnt) Avg(sec) KeyIn KeyDrop
----------------------------------------------------------------------------------------------------------------------------------------------------------------------------
 Sum      0/0    0.00 KB   0.0      0.0     0.0      0.0       0.0      0.0       0.0   0.0      0.0      0.0      0.00              0.00         0    0.000       0      0
 Int      0/0    0.00 KB   0.0      0.0     0.0      0.0       0.0      0.0       0.0   0.0      0.0      0.0      0.00              0.00         0    0.000       0      0

** Compaction Stats [default] **
Priority    Files   Size     Score Read(GB)  Rn(GB) Rnp1(GB) Write(GB) Wnew(GB) Moved(GB) W-Amp Rd(MB/s) Wr(MB/s) Comp(sec) CompMergeCPU(sec) Comp(cnt) Avg(sec) KeyIn KeyDrop
-------------------------------------------------------------------------------------------------------------------------------------------------------------------------------
Uptime(secs): 0.0 total, 0.0 interval
Flush(GB): cumulative 0.000, interval 0.000
AddFile(GB): cumulative 0.000, interval 0.000
AddFile(Total Files): cumulative 0, interval 0
AddFile(L0 Files): cumulative 0, interval 0
AddFile(Keys): cumulative 0, interval 0
Cumulative compaction: 0.00 GB write, 0.00 MB/s write, 0.00 GB read, 0.00 MB/s read, 0.0 seconds
Interval compaction: 0.00 GB write, 0.00 MB/s write, 0.00 GB read, 0.00 MB/s read, 0.0 seconds
Stalls(count): 0 level0_slowdown, 0 level0_slowdown_with_compaction, 0 level0_numfiles, 0 level0_numfiles_with_compaction, 0 stop for pending_compaction_bytes, 0 slowdown for pending_compaction_bytes, 0 memtable_compaction, 0 memtable_slowdown, interval 0 total count

** File Read Latency Histogram By Level [default] **

** Compaction Stats [default] **
Level    Files   Size     Score Read(GB)  Rn(GB) Rnp1(GB) Write(GB) Wnew(GB) Moved(GB) W-Amp Rd(MB/s) Wr(MB/s) Comp(sec) CompMergeCPU(sec) Comp(cnt) Avg(sec) KeyIn KeyDrop
----------------------------------------------------------------------------------------------------------------------------------------------------------------------------
 Sum      0/0    0.00 KB   0.0      0.0     0.0      0.0       0.0      0.0       0.0   0.0      0.0      0.0      0.00              0.00         0    0.000       0      0
 Int      0/0    0.00 KB   0.0      0.0     0.0      0.0       0.0      0.0       0.0   0.0      0.0      0.0      0.00              0.00         0    0.000       0      0

** Compaction Stats [default] **
Priority    Files   Size     Score Read(GB)  Rn(GB) Rnp1(GB) Write(GB) Wnew(GB) Moved(GB) W-Amp Rd(MB/s) Wr(MB/s) Comp(sec) CompMergeCPU(sec) Comp(cnt) Avg(sec) KeyIn KeyDrop
-------------------------------------------------------------------------------------------------------------------------------------------------------------------------------
Uptime(secs): 0.0 total, 0.0 interval
Flush(GB): cumulative 0.000, interval 0.000
AddFile(GB): cumulative 0.000, interval 0.000
AddFile(Total Files): cumulative 0, interval 0
AddFile(L0 Files): cumulative 0, interval 0
AddFile(Keys): cumulative 0, interval 0
Cumulative compaction: 0.00 GB write, 0.00 MB/s write, 0.00 GB read, 0.00 MB/s read, 0.0 seconds
Interval compaction: 0.00 GB write, 0.00 MB/s write, 0.00 GB read, 0.00 MB/s read, 0.0 seconds
Stalls(count): 0 level0_slowdown, 0 level0_slowdown_with_compaction, 0 level0_numfiles, 0 level0_numfiles_with_compaction, 0 stop for pending_compaction_bytes, 0 slowdown for pending_compaction_bytes, 0 memtable_compaction, 0 memtable_slowdown, interval 0 total count

** File Read Latency Histogram By Level [default] **
2020/09/10-11:33:44.800992 7000003c0000 [/db_impl/db_impl.cc:681] STATISTICS:
 rocksdb.block.cache.miss COUNT : 0
rocksdb.block.cache.hit COUNT : 0
rocksdb.block.cache.add COUNT : 0
rocksdb.block.cache.add.failures COUNT : 0
rocksdb.block.cache.index.miss COUNT : 0
rocksdb.block.cache.index.hit COUNT : 0
rocksdb.block.cache.index.add COUNT : 0
rocksdb.block.cache.index.bytes.insert COUNT : 0
rocksdb.block.cache.index.bytes.evict COUNT : 0
rocksdb.block.cache.filter.miss COUNT : 0
rocksdb.block.cache.filter.hit COUNT : 0
rocksdb.block.cache.filter.add COUNT : 0
rocksdb.block.cache.filter.bytes.insert COUNT : 0
rocksdb.block.cache.filter.bytes.evict COUNT : 0
rocksdb.block.cache.data.miss COUNT : 0
rocksdb.block.cache.data.hit COUNT : 0
rocksdb.block.cache.data.add COUNT : 0
rocksdb.block.cache.data.bytes.insert COUNT : 0
rocksdb.block.cache.bytes.read COUNT : 0
rocksdb.block.cache.bytes.write COUNT : 0
rocksdb.bloom.filter.useful COUNT : 0
rocksdb.bloom.filter.full.positive COUNT : 0
rocksdb.bloom.filter.full.true.positive COUNT : 0
rocksdb.bloom.filter.micros COUNT : 0
rocksdb.persistent.cache.hit COUNT : 0
rocksdb.persistent.cache.miss COUNT : 0
rocksdb.sim.block.cache.hit COUNT : 0
rocksdb.sim.block.cache.miss COUNT : 0
rocksdb.memtable.hit COUNT : 0
rocksdb.memtable.miss COUNT : 0
rocksdb.l0.hit COUNT : 0
rocksdb.l1.hit COUNT : 0
rocksdb.l2andup.hit COUNT : 0
rocksdb.compaction.key.drop.new COUNT : 0
rocksdb.compaction.key.drop.obsolete COUNT : 0
rocksdb.compaction.key.drop.range_del COUNT : 0
rocksdb.compaction.key.drop.user COUNT : 0
rocksdb.compaction.range_del.drop.obsolete COUNT : 0
rocksdb.compaction.optimized.del.drop.obsolete COUNT : 0
rocksdb.compaction.cancelled COUNT : 0
rocksdb.number.keys.written COUNT : 0
rocksdb.number.keys.read COUNT : 0
rocksdb.number.keys.updated COUNT : 0
rocksdb.bytes.written COUNT : 0
rocksdb.bytes.read COUNT : 0
rocksdb.number.db.seek COUNT : 0
rocksdb.number.db.next COUNT : 0
rocksdb.number.db.prev COUNT : 0
rocksdb.number.db.seek.found COUNT : 0
rocksdb.number.db.next.found COUNT : 0
rocksdb.number.db.prev.found COUNT : 0
rocksdb.db.iter.bytes.read COUNT : 0
rocksdb.no.file.closes COUNT : 0
rocksdb.no.file.opens COUNT : 0
rocksdb.no.file.errors COUNT : 0
rocksdb.l0.slowdown.micros COUNT : 0
rocksdb.memtable.compaction.micros COUNT : 0
rocksdb.l0.num.files.stall.micros COUNT : 0
rocksdb.stall.micros COUNT : 0
rocksdb.db.mutex.wait.micros COUNT : 0
rocksdb.rate.limit.delay.millis COUNT : 0
rocksdb.num.iterators COUNT : 0
rocksdb.number.multiget.get COUNT : 0
rocksdb.number.multiget.keys.read COUNT : 0
rocksdb.number.multiget.bytes.read COUNT : 0
rocksdb.number.deletes.filtered COUNT : 0
rocksdb.number.merge.failures COUNT : 0
rocksdb.bloom.filter.prefix.checked COUNT : 0
rocksdb.bloom.filter.prefix.useful COUNT : 0
rocksdb.number.reseeks.iteration COUNT : 0
rocksdb.getupdatessince.calls COUNT : 0
rocksdb.block.cachecompressed.miss COUNT : 0
rocksdb.block.cachecompressed.hit COUNT : 0
rocksdb.block.cachecompressed.add COUNT : 0
rocksdb.block.cachecompressed.add.failures COUNT : 0
rocksdb.wal.synced COUNT : 0
rocksdb.wal.bytes COUNT : 0
rocksdb.write.self COUNT : 0
rocksdb.write.other COUNT : 0
rocksdb.write.timeout COUNT : 0
rocksdb.write.wal COUNT : 0
rocksdb.compact.read.bytes COUNT : 0
rocksdb.compact.write.bytes COUNT : 0
rocksdb.flush.write.bytes COUNT : 0
rocksdb.compact.read.marked.bytes COUNT : 0
rocksdb.compact.read.periodic.bytes COUNT : 0
rocksdb.compact.read.ttl.bytes COUNT : 0
rocksdb.compact.write.marked.bytes COUNT : 0
rocksdb.compact.write.periodic.bytes COUNT : 0
rocksdb.compact.write.ttl.bytes COUNT : 0
rocksdb.number.direct.load.table.properties COUNT : 0
rocksdb.number.superversion_acquires COUNT : 0
rocksdb.number.superversion_releases COUNT : 0
rocksdb.number.superversion_cleanups COUNT : 0
rocksdb.number.block.compressed COUNT : 0
rocksdb.number.block.decompressed COUNT : 0
rocksdb.number.block.not_compressed COUNT : 0
rocksdb.merge.operation.time.nanos COUNT : 0
rocksdb.filter.operation.time.nanos COUNT : 0
rocksdb.row.cache.hit COUNT : 0
rocksdb.row.cache.miss COUNT : 0
rocksdb.read.amp.estimate.useful.bytes COUNT : 0
rocksdb.read.amp.total.read.bytes COUNT : 0
rocksdb.number.rate_limiter.drains COUNT : 0
rocksdb.number.iter.skip COUNT : 0
rocksdb.blobdb.num.put COUNT : 0
rocksdb.blobdb.num.write COUNT : 0
rocksdb.blobdb.num.get COUNT : 0
rocksdb.blobdb.num.multiget COUNT : 0
rocksdb.blobdb.num.seek COUNT : 0
rocksdb.blobdb.num.next COUNT : 0
rocksdb.blobdb.num.prev COUNT : 0
rocksdb.blobdb.num.keys.written COUNT : 0
rocksdb.blobdb.num.keys.read COUNT : 0
rocksdb.blobdb.bytes.written COUNT : 0
rocksdb.blobdb.bytes.read COUNT : 0
rocksdb.blobdb.write.inlined COUNT : 0
rocksdb.blobdb.write.inlined.ttl COUNT : 0
rocksdb.blobdb.write.blob COUNT : 0
rocksdb.blobdb.write.blob.ttl COUNT : 0
rocksdb.blobdb.blob.file.bytes.written COUNT : 0
rocksdb.blobdb.blob.file.bytes.read COUNT : 0
rocksdb.blobdb.blob.file.synced COUNT : 0
rocksdb.blobdb.blob.index.expired.count COUNT : 0
rocksdb.blobdb.blob.index.expired.size COUNT : 0
rocksdb.blobdb.blob.index.evicted.count COUNT : 0
rocksdb.blobdb.blob.index.evicted.size COUNT : 0
rocksdb.blobdb.gc.num.files COUNT : 0
rocksdb.blobdb.gc.num.new.files COUNT : 0
rocksdb.blobdb.gc.failures COUNT : 0
rocksdb.blobdb.gc.num.keys.overwritten COUNT : 0
rocksdb.blobdb.gc.num.keys.expired COUNT : 0
rocksdb.blobdb.gc.num.keys.relocated COUNT : 0
rocksdb.blobdb.gc.bytes.overwritten COUNT : 0
rocksdb.blobdb.gc.bytes.expired COUNT : 0
rocksdb.blobdb.gc.bytes.relocated COUNT : 0
rocksdb.blobdb.fifo.num.files.evicted COUNT : 0
rocksdb.blobdb.fifo.num.keys.evicted COUNT : 0
rocksdb.blobdb.fifo.bytes.evicted COUNT : 0
rocksdb.txn.overhead.mutex.prepare COUNT : 0
rocksdb.txn.overhead.mutex.old.commit.map COUNT : 0
rocksdb.txn.overhead.duplicate.key COUNT : 0
rocksdb.txn.overhead.mutex.snapshot COUNT : 0
rocksdb.txn.get.tryagain COUNT : 0
rocksdb.number.multiget.keys.found COUNT : 0
rocksdb.num.iterator.created COUNT : 0
rocksdb.num.iterator.deleted COUNT : 0
rocksdb.block.cache.compression.dict.miss COUNT : 0
rocksdb.block.cache.compression.dict.hit COUNT : 0
rocksdb.block.cache.compression.dict.add COUNT : 0
rocksdb.block.cache.compression.dict.bytes.insert COUNT : 0
rocksdb.block.cache.compression.dict.bytes.evict COUNT : 0
rocksdb.block.cache.add.redundant COUNT : 0
rocksdb.block.cache.index.add.redundant COUNT : 0
rocksdb.block.cache.filter.add.redundant COUNT : 0
rocksdb.block.cache.data.add.redundant COUNT : 0
rocksdb.block.cache.compression.dict.add.redundant COUNT : 0
rocksdb.files.marked.trash COUNT : 0
rocksdb.files.deleted.immediately COUNT : 0
rocksdb.db.get.micros P50 : 0.000000 P95 : 0.000000 P99 : 0.000000 P100 : 0.000000 COUNT : 0 SUM : 0
rocksdb.db.write.micros P50 : 0.000000 P95 : 0.000000 P99 : 0.000000 P100 : 0.000000 COUNT : 0 SUM : 0
rocksdb.compaction.times.micros P50 : 0.000000 P95 : 0.000000 P99 : 0.000000 P100 : 0.000000 COUNT : 0 SUM : 0
rocksdb.compaction.times.cpu_micros P50 : 0.000000 P95 : 0.000000 P99 : 0.000000 P100 : 0.000000 COUNT : 0 SUM : 0
rocksdb.subcompaction.setup.times.micros P50 : 0.000000 P95 : 0.000000 P99 : 0.000000 P100 : 0.000000 COUNT : 0 SUM : 0
rocksdb.table.sync.micros P50 : 0.000000 P95 : 0.000000 P99 : 0.000000 P100 : 0.000000 COUNT : 0 SUM : 0
rocksdb.compaction.outfile.sync.micros P50 : 0.000000 P95 : 0.000000 P99 : 0.000000 P100 : 0.000000 COUNT : 0 SUM : 0
rocksdb.wal.file.sync.micros P50 : 0.000000 P95 : 0.000000 P99 : 0.000000 P100 : 0.000000 COUNT : 0 SUM : 0
rocksdb.manifest.file.sync.micros P50 : 139.000000 P95 : 139.000000 P99 : 139.000000 P100 : 139.000000 COUNT : 1 SUM : 139
rocksdb.table.open.io.micros P50 : 0.000000 P95 : 0.000000 P99 : 0.000000 P100 : 0.000000 COUNT : 0 SUM : 0
rocksdb.db.multiget.micros P50 : 0.000000 P95 : 0.000000 P99 : 0.000000 P100 : 0.000000 COUNT : 0 SUM : 0
rocksdb.read.block.compaction.micros P50 : 0.000000 P95 : 0.000000 P99 : 0.000000 P100 : 0.000000 COUNT : 0 SUM : 0
rocksdb.read.block.get.micros P50 : 0.000000 P95 : 0.000000 P99 : 0.000000 P100 : 0.000000 COUNT : 0 SUM : 0
rocksdb.write.raw.block.micros P50 : 0.000000 P95 : 0.000000 P99 : 0.000000 P100 : 0.000000 COUNT : 0 SUM : 0
rocksdb.l0.slowdown.count P50 : 0.000000 P95 : 0.000000 P99 : 0.000000 P100 : 0.000000 COUNT : 0 SUM : 0
rocksdb.memtable.compaction.count P50 : 0.000000 P95 : 0.000000 P99 : 0.000000 P100 : 0.000000 COUNT : 0 SUM : 0
rocksdb.num.files.stall.count P50 : 0.000000 P95 : 0.000000 P99 : 0.000000 P100 : 0.000000 COUNT : 0 SUM : 0
rocksdb.hard.rate.limit.delay.count P50 : 0.000000 P95 : 0.000000 P99 : 0.000000 P100 : 0.000000 COUNT : 0 SUM : 0
rocksdb.soft.rate.limit.delay.count P50 : 0.000000 P95 : 0.000000 P99 : 0.000000 P100 : 0.000000 COUNT : 0 SUM : 0
rocksdb.numfiles.in.singlecompaction P50 : 0.000000 P95 : 0.000000 P99 : 0.000000 P100 : 0.000000 COUNT : 0 SUM : 0
rocksdb.db.seek.micros P50 : 0.000000 P95 : 0.000000 P99 : 0.000000 P100 : 0.000000 COUNT : 0 SUM : 0
rocksdb.db.write.stall P50 : 0.000000 P95 : 0.000000 P99 : 0.000000 P100 : 0.000000 COUNT : 0 SUM : 0
rocksdb.sst.read.micros P50 : 0.000000 P95 : 0.000000 P99 : 0.000000 P100 : 0.000000 COUNT : 0 SUM : 0
rocksdb.num.subcompactions.scheduled P50 : 0.000000 P95 : 0.000000 P99 : 0.000000 P100 : 0.000000 COUNT : 0 SUM : 0
rocksdb.bytes.per.read P50 : 0.000000 P95 : 0.000000 P99 : 0.000000 P100 : 0.000000 COUNT : 0 SUM : 0
rocksdb.bytes.per.write P50 : 0.000000 P95 : 0.000000 P99 : 0.000000 P100 : 0.000000 COUNT : 0 SUM : 0
rocksdb.bytes.per.multiget P50 : 0.000000 P95 : 0.000000 P99 : 0.000000 P100 : 0.000000 COUNT : 0 SUM : 0
rocksdb.bytes.compressed P50 : 0.000000 P95 : 0.000000 P99 : 0.000000 P100 : 0.000000 COUNT : 0 SUM : 0
rocksdb.bytes.decompressed P50 : 0.000000 P95 : 0.000000 P99 : 0.000000 P100 : 0.000000 COUNT : 0 SUM : 0
rocksdb.compression.times.nanos P50 : 0.000000 P95 : 0.000000 P99 : 0.000000 P100 : 0.000000 COUNT : 0 SUM : 0
rocksdb.decompression.times.nanos P50 : 0.000000 P95 : 0.000000 P99 : 0.000000 P100 : 0.000000 COUNT : 0 SUM : 0
rocksdb.read.num.merge_operands P50 : 0.000000 P95 : 0.000000 P99 : 0.000000 P100 : 0.000000 COUNT : 0 SUM : 0
rocksdb.blobdb.key.size P50 : 0.000000 P95 : 0.000000 P99 : 0.000000 P100 : 0.000000 COUNT : 0 SUM : 0
rocksdb.blobdb.value.size P50 : 0.000000 P95 : 0.000000 P99 : 0.000000 P100 : 0.000000 COUNT : 0 SUM : 0
rocksdb.blobdb.write.micros P50 : 0.000000 P95 : 0.000000 P99 : 0.000000 P100 : 0.000000 COUNT : 0 SUM : 0
rocksdb.blobdb.get.micros P50 : 0.000000 P95 : 0.000000 P99 : 0.000000 P100 : 0.000000 COUNT : 0 SUM : 0
rocksdb.blobdb.multiget.micros P50 : 0.000000 P95 : 0.000000 P99 : 0.000000 P100 : 0.000000 COUNT : 0 SUM : 0
rocksdb.blobdb.seek.micros P50 : 0.000000 P95 : 0.000000 P99 : 0.000000 P100 : 0.000000 COUNT : 0 SUM : 0
rocksdb.blobdb.next.micros P50 : 0.000000 P95 : 0.000000 P99 : 0.000000 P100 : 0.000000 COUNT : 0 SUM : 0
rocksdb.blobdb.prev.micros P50 : 0.000000 P95 : 0.000000 P99 : 0.000000 P100 : 0.000000 COUNT : 0 SUM : 0
rocksdb.blobdb.blob.file.write.micros P50 : 0.000000 P95 : 0.000000 P99 : 0.000000 P100 : 0.000000 COUNT : 0 SUM : 0
rocksdb.blobdb.blob.file.read.micros P50 : 0.000000 P95 : 0.000000 P99 : 0.000000 P100 : 0.000000 COUNT : 0 SUM : 0
rocksdb.blobdb.blob.file.sync.micros P50 : 0.000000 P95 : 0.000000 P99 : 0.000000 P100 : 0.000000 COUNT : 0 SUM : 0
rocksdb.blobdb.gc.micros P50 : 0.000000 P95 : 0.000000 P99 : 0.000000 P100 : 0.000000 COUNT : 0 SUM : 0
rocksdb.blobdb.compression.micros P50 : 0.000000 P95 : 0.000000 P99 : 0.000000 P100 : 0.000000 COUNT : 0 SUM : 0
rocksdb.blobdb.decompression.micros P50 : 0.000000 P95 : 0.000000 P99 : 0.000000 P100 : 0.000000 COUNT : 0 SUM : 0
rocksdb.db.flush.micros P50 : 0.000000 P95 : 0.000000 P99 : 0.000000 P100 : 0.000000 COUNT : 0 SUM : 0
rocksdb.sst.batch.size P50 : 0.000000 P95 : 0.000000 P99 : 0.000000 P100 : 0.000000 COUNT : 0 SUM : 0
2020/09/10-11:33:45.805492 7000003c0000 [/db_impl/db_impl.cc:741] ------- PERSISTING STATS -------
2020/09/10-11:33:45.805546 7000003c0000 [/db_impl/db_impl.cc:805] [Pre-GC] In-memory stats history size: 24 bytes, slice count: 0
2020/09/10-11:33:45.805548 7000003c0000 [/db_impl/db_impl.cc:814] [Post-GC] In-memory stats history size: 24 bytes, slice count: 0
2020/09/10-11:37:17.777992 10a939dc0 [/db_impl/db_impl_write.cc:1711] [default] New memtable created with log file: #6. Immutable memtables: 0.
2020/09/10-11:37:17.778108 70000033d000 (Original Log Time 2020/09/10-11:37:17.778075) [/db_impl/db_impl_compaction_flush.cc:2307] Calling FlushMemTableToOutputFile with column family [default], flush slots available 1, compaction slots available 1, flush slots scheduled 1, compaction slots scheduled 0
2020/09/10-11:37:17.778124 70000033d000 [/flush_job.cc:328] [default] [JOB 2] Flushing memtable with next log file: 6
2020/09/10-11:37:17.778162 70000033d000 EVENT_LOG_v1 {"time_micros": 1599752237778140, "job": 2, "event": "flush_started", "num_memtables": 1, "num_entries": 978, "num_deletes": 0, "total_data_size": 1017097, "memory_usage": 1026320, "flush_reason": "Write Buffer Full"}
2020/09/10-11:37:17.778176 70000033d000 [/flush_job.cc:357] [default] [JOB 2] Level-0 flush table #7: started
2020/09/10-11:37:17.785856 70000033d000 EVENT_LOG_v1 {"time_micros": 1599752237785830, "cf_name": "default", "job": 2, "event": "table_file_creation", "file_number": 7, "file_size": 1026731, "table_properties": {"data_size": 1019534, "index_size": 4890, "index_partitions": 0, "top_level_index_size": 0, "index_key_is_user_key": 1, "index_value_is_delta_encoded": 1, "filter_size": 1349, "raw_key_size": 16603, "raw_average_key_size": 16, "raw_value_size": 997560, "raw_average_value_size": 1020, "num_data_blocks": 245, "num_entries": 978, "num_deletions": 0, "num_merge_operands": 0, "num_range_deletions": 0, "format_version": 0, "fixed_key_len": 0, "filter_policy": "rocksdb.BuiltinBloomFilter", "column_family_name": "default", "column_family_id": 0, "comparator": "leveldb.BytewiseComparator", "merge_operator": "nullptr", "prefix_extractor_name": "nullptr", "property_collectors": "[]", "compression": "NoCompression", "compression_options": "window_bits=-14; level=32767; strategy=0; max_dict_bytes=0; zstd_max_train_bytes=0; enabled=0; ", "creation_time": 1599752236, "oldest_key_time": 1599752236, "file_creation_time": 1599752237, "db_id": "163375fd9eaa11ee-5910d52075c3dde2", "db_session_id": "163375fd9ea4060b-5910d52075c3dde2"}}
2020/09/10-11:37:17.785887 70000033d000 [/flush_job.cc:419] [default] [JOB 2] Level-0 flush table #7: 1026731 bytes OK
2020/09/10-11:37:17.785947 70000033d000 [/version_set.cc:4316] Creating manifest 8
2020/09/10-11:37:17.787718 70000033d000 (Original Log Time 2020/09/10-11:37:17.785909) [/memtable_list.cc:447] [default] Level-0 commit table #7 started
2020/09/10-11:37:17.787720 70000033d000 (Original Log Time 2020/09/10-11:37:17.787654) [/memtable_list.cc:504] [default] Level-0 commit table #7: memtable #1 done
2020/09/10-11:37:17.787722 70000033d000 (Original Log Time 2020/09/10-11:37:17.787674) EVENT_LOG_v1 {"time_micros": 1599752237787659, "job": 2, "event": "flush_finished", "output_compression": "NoCompression", "lsm_state": [1, 0, 0, 0, 0, 0, 0, 0, 0, 0], "immutable_memtables": 0, "file_write_nanos": 325704, "file_range_sync_nanos": 0, "file_fsync_nanos": 835287, "file_prepare_write_nanos": 1773569, "file_cpu_write_nanos": 443239, "file_cpu_read_nanos": 278540}
2020/09/10-11:37:17.787723 70000033d000 (Original Log Time 2020/09/10-11:37:17.787693) [/db_impl/db_impl_compaction_flush.cc:215] [default] Level summary: files[1 0 0 0 0 0 0 0 0 0] max score 1.00
2020/09/10-11:37:17.787727 70000033d000 [/db_impl/db_impl_files.cc:418] [JOB 2] Try to delete WAL files size 1021987, prev total WAL file size 1048109, number of live WAL files 2.
2020/09/10-11:37:17.788276 70000033d000 [le/delete_scheduler.cc:73] Deleted file ./db_working_home/000003.log immediately, rate_bytes_per_sec 0, total_trash_size 0 max_trash_db_ratio 0.250000
2020/09/10-11:37:17.788300 7000002ba000 (Original Log Time 2020/09/10-11:37:17.787759) [/db_impl/db_impl_compaction_flush.cc:2795] [default] Moving #7 to level-1 1026731 bytes
2020/09/10-11:37:17.788303 7000002ba000 (Original Log Time 2020/09/10-11:37:17.788274) EVENT_LOG_v1 {"time_micros": 1599752237788266, "job": 3, "event": "trivial_move", "destination_level": 1, "files": 1, "total_files_size": 1026731}
2020/09/10-11:37:17.788306 7000002ba000 (Original Log Time 2020/09/10-11:37:17.788279) [/db_impl/db_impl_compaction_flush.cc:2825] [default] Moved #1 files to level-1 1026731 bytes OK: files[0 1 0 0 0 0 0 0 0 0] max score 0.49
2020/09/10-11:37:18.795675 10a939dc0 [/db_impl/db_impl_write.cc:1711] [default] New memtable created with log file: #9. Immutable memtables: 0.
2020/09/10-11:37:18.795848 70000033d000 (Original Log Time 2020/09/10-11:37:18.795830) [/db_impl/db_impl_compaction_flush.cc:2307] Calling FlushMemTableToOutputFile with column family [default], flush slots available 1, compaction slots available 1, flush slots scheduled 1, compaction slots scheduled 0
2020/09/10-11:37:18.795860 70000033d000 [/flush_job.cc:328] [default] [JOB 4] Flushing memtable with next log file: 9
2020/09/10-11:37:18.795882 70000033d000 EVENT_LOG_v1 {"time_micros": 1599752238795870, "job": 4, "event": "flush_started", "num_memtables": 1, "num_entries": 978, "num_deletes": 0, "total_data_size": 1017092, "memory_usage": 1026315, "flush_reason": "Write Buffer Full"}
2020/09/10-11:37:18.795893 70000033d000 [/flush_job.cc:357] [default] [JOB 4] Level-0 flush table #10: started
